0 0
1 7282.56
2 17545.4
3 22443.8
4 28324.7
5 33441.7
6 37065.5
7 40894.8
8 45075.6
9 49716.5
10 54556.2
11 58796
12 63843.5
13 69973.7
14 76993.5
15 83003.4
16 88815.5
17 94256
18 102329
19 100446
20 105070
21 112601
22 115107
23 118648
24 123880
25 126962
26 128959
27 132320
28 136838
29 139841
30 142174
31 145454
32 149270
33 153114
34 155440
35 157745
36 160642
37 163953
38 167218
39 169582
40 171724
41 174467
42 177738
43 181160
44 183803
45 186145
46 188325
47 190756
48 193623
49 196651
50 199141
51 201466
52 203733
53 205944
54 208640
55 211498
56 214569
57 216827
58 219097
59 221232
60 223359
61 225799
62 228410
63 231176
64 233786
65 235793
66 237971
67 240159
68 242428
69 244881
70 247470
71 250324
72 252681
73 254540
74 256714
75 258909
76 261127
77 263351
78 265822
79 268531
80 271145
81 273083
82 275094
83 277340
84 279553
85 281715
86 284040
87 286607
88 289248
89 291692
90 293652
91 295624
92 297824
93 299997
94 302214
95 304522
96 306972
97 309504
98 312124
99 314250
100 316262
101 318385
102 320615
103 322938
104 332395
105 338808
106 344783
107 349725
108 354598
109 359601
110 363135
111 367594
112 371861
113 375483
114 379882
115 384601
116 388163
117 392264
118 396766
119 400989
120 404595
121 408062
122 412027
123 416293
124 420408
125 424209
126 428085
127 432223
128 436790
129 441206
130 445005
131 448733
132 452537
133 456758
134 461353
135 465721
136 469867
137 474147
138 478666
139 483439
140 488218
141 492779
142 497166
143 501534
144 506094
145 510895
146 515959
147 521255
148 526615
149 531899
150 537313
151 543022
152 548571
153 554204
154 560173
155 566453
156 572888
157 579424
158 586565
159 593953
160 601637
161 609786
162 618982
163 628821
164 639160
165 650668
166 663199
167 679301
168 701809
169 743967
170 748516
171 746951
172 745140
173 742509
174 743024
175 740935
176 737345
177 737033
178 735606
179 734199
180 731608
181 730179
182 728591
183 727503
184 726137
185 724186
186 722239
187 720193
188 718662
189 716998
190 714944
191 713406
192 710515
193 708502
194 706068
195 703578
196 701749
197 700710
198 698773
199 695965
200 691717
201 688120
202 684735
203 681466
204 678327
205 674582
206 671828
207 667675
208 664617
209 660208
210 655964
211 650887
212 646300
213 641562
214 637064
215 633011
216 628459
217 624568
218 620349
219 615753
220 611145
221 605832
222 601222
223 596860
224 591867
225 587539
226 583886
227 581733
228 577620
229 572377
230 568344
231 563614
232 551264
233 543433
234 537304
235 530814
236 524284
237 516610
238 511961
239 507932
240 502870
241 498541
242 495656
243 492606
244 488218
245 485304
246 483217
247 480444
248 477781
249 476582
250 475537
251 472353
252 468490
253 466209
254 465600
255 464349
256 461821
257 460646
258 460063
259 458744
260 456273
261 455926
262 470505
263 488407
264 509789
265 528289
266 538797
267 557251
268 573465
269 584674
270 596451
271 618678
272 644901
273 661947
274 686462
275 724380
276 834552
277 860600
278 858516
279 857715
280 861527
281 861189
282 862881
283 862306
284 848088
285 851798
286 855067
287 858448
288 865309
289 874775
290 886900
291 903916
292 931829
293 961021
294 972833
295 1.00675e+06
296 1.02109e+06
297 1.02649e+06
298 1.03799e+06
299 1.048e+06
300 1.03527e+06
301 1.02242e+06
302 1.00862e+06
303 985865
304 957806
305 932014
306 919023
307 901063
308 890164
309 873466
310 847989
311 832733
312 810963
313 791505
314 777469
315 767614
316 758938
317 751459
318 746614
319 742369
320 737971
321 735279
322 734193
323 734343
324 735084
325 737173
326 739359
327 743870
328 748787
329 754474
330 758229
331 759604
332 759151
333 757074
334 755809
335 755289
336 754794
337 755206
338 755756
339 754469
340 755551
341 754447
342 751909
343 749107
344 747750
345 738502
346 734339
347 731630
348 725471
349 720067
350 715156
351 712064
352 710365
353 709546
354 708705
355 704569
356 703070
357 699952
358 694769
359 689329
360 684181
361 679468
362 673807
363 666273
364 657852
365 646827
366 637105
367 628061
368 616843
369 606781
370 602082
371 595879
372 592179
373 588753
374 585911
375 580681
376 576856
377 574369
378 571995
379 570152
380 568390
381 566902
382 565204
383 563860
384 563354
385 562223
386 560802
387 560171
388 560674
389 559797
390 559062
391 559273
392 560001
393 560687
394 562396
395 562075
396 563289
397 562887
398 563229
399 565540
400 567284
401 570482
402 571123
403 571958
404 573565
405 574440
406 574855
407 576171
408 576013
409 576389
410 577288
411 579985
412 581416
413 582137
414 586060
415 589816
416 596858
417 609005
418 611220
419 610192
420 618354
421 612453
422 603921
423 591936
424 587105
425 584718
426 578303
427 571492
428 568305
429 568131
430 570527
431 573929
432 575850
433 576683
434 575156
435 574704
436 575148
437 574524
438 573776
439 574058
440 573247
441 573051
442 573882
443 573885
444 572652
445 572179
446 572019
447 570771
448 569809
449 569761
450 569605
451 568938
452 569304
453 569547
454 569444
455 569130
456 568428
457 567726
458 566596
459 566182
460 566123
461 566031
462 566534
463 567619
464 568551
465 569025
466 569957
467 569735
468 568637
469 567601
470 565925
471 564972
472 564111
473 563365
474 562724
475 561318
476 560161
477 559450
478 558290
479 557495
480 556962
481 556072
482 555338
483 554655
484 554148
485 553944
486 553372
487 552837
488 551373
489 550744
490 550125
491 549348
492 549024
493 548634
494 548114
495 547430
496 546618
497 546068
498 545396
499 544806
500 544479
501 543819
502 543288
503 542705
504 542200
505 541311
506 540913
507 540690
508 540629
509 540407
510 539867
511 539275
512 538899
513 538704
514 539131
515 539623
516 540203
517 540821
518 540912
519 540859
520 540431
521 539446
522 538205
523 537032
524 535452
525 533889
526 532149
527 530219
528 529309
529 527310
530 525435
531 523440
532 521542
533 520112
534 518663
535 516582
536 514201
537 511837
538 509280
539 507057
540 504992
541 502891
542 501499
543 500199
544 498767
545 497699
546 496743
547 496081
548 496056
549 496372
550 496988
551 497778
552 497936
553 498220
554 498700
555 499087
556 500128
557 499446
558 499775
559 500468
560 500068
561 500314
562 500545
563 501007
564 501523
565 502183
566 506009
567 506829
568 508707
569 510128
570 511570
571 515921
572 519136
573 522426
574 525603
575 529384
576 533501
577 538349
578 543417
579 551109
580 557864
581 559845
582 562816
583 566253
584 571544
585 572320
586 571045
587 570092
588 568569
589 567116
590 566355
591 565734
592 564887
593 563978
594 563125
595 562082
596 561042
597 559628
598 558178
599 556922
600 555699
601 554632
602 553294
603 551842
604 550240
605 549325
606 547835
607 546056
608 544365
609 542655
610 540676
611 538575
612 536157
613 534036
614 532221
615 529997
616 520490
617 503552
618 487631
619 479521
620 476314
621 474723
622 473682
623 472924
624 472423
625 472127
626 472140
627 472120
628 471907
629 471916
630 472100
631 472204
632 472164
633 472258
634 472507
635 472694
636 472857
637 473104
638 473919
639 474105
640 474521
641 475283
642 475307
643 476153
644 477171
645 478040
646 478775
647 479794
648 480925
649 481895
650 483097
651 484155
652 485041
653 486245
654 486948
655 487106
656 487281
657 487787
658 488348
659 489058
660 490274
661 490810
662 491227
663 492061
664 493421
665 492721
666 492801
667 492206
668 493473
669 494292
670 495005
671 495637
672 496549
673 497428
674 498447
675 498804
676 498566
677 499076
678 499832
679 501052
680 502782
681 505533
682 506774
683 509666
684 513147
685 516519
686 518738
687 519524
688 516842
689 513152
690 508909
691 504282
692 498733
693 492157
694 485595
695 481420
696 477023
697 472061
698 467434
699 462892
700 459500
701 456011
702 453153
703 450611
704 448074
705 445829
706 443566
707 442439
708 442778
709 444106
710 446758
711 449921
712 452791
713 455405
714 457608
715 459044
716 459758
717 460640
718 461612
719 461709
720 461931
721 462219
722 462652
723 463344
724 463750
725 464033
726 464243
727 464527
728 465005
729 465443
730 464854
731 464339
732 463304
733 462213
734 461229
735 460314
736 459464
737 458722
738 457980
739 457293
740 456713
741 456198
742 455696
743 455226
744 454730
745 454190
746 453800
747 453078
748 452439
749 451868
750 451222
751 450669
752 450022
753 449425
754 448837
755 448269
756 447722
757 447175
758 446529
759 446068
760 445501
761 444971
762 444313
763 443718
764 443149
765 442694
766 442216
767 441749
768 441263
769 440785
770 440279
771 439740
772 439272
773 438821
774 438394
775 440310
776 445994
777 450659
778 451317
779 454027
780 455988
781 456892
782 458511
783 460615
784 461538
785 462472
786 463930
787 465821
788 467474
789 469060
790 470879
791 473002
792 476037
793 480261
794 484970
795 492131
796 490599
797 487051
798 484412
799 481856
800 475046
801 470633
802 466512
803 463231
804 461018
805 459388
806 458609
807 458968
808 460207
809 458513
810 457246
811 456771
812 455970
813 454267
814 453428
815 452976
816 452908
817 452557
818 451759
819 450188
820 449129
821 448070
822 447179
823 446082
824 445395
825 444659
826 443678
827 442814
828 441457
829 439860
830 438681
831 437389
832 436343
833 435530
834 434643
835 433676
836 432841
837 431540
838 430508
839 429527
840 428475
841 427179
842 426112
843 425142
844 423805
845 422803
846 421645
847 420763
848 419577
849 418368
850 417161
851 416034
852 414916
853 413955
854 412601
855 410907
856 409167
857 407451
858 405999
859 404173
860 401917
861 400095
862 399307
863 398778
864 398428
865 398268
866 398508
867 399599
868 399993
869 401051
870 401115
871 401022
872 400925
873 400906
874 401663
875 403338
876 405876
877 408810
878 414545
879 418386
880 416936
881 413837
882 411054
883 408104
884 403802
885 399586
886 396112
887 392830
888 389627
889 386928
890 384309
891 381406
892 378342
893 375032
894 371160
895 367751
896 364635
897 361795
898 359174
899 356719
900 354308
901 352003
902 349709
903 347530
904 345306
905 343089
906 340956
907 338871
908 336824
909 334887
910 332723
911 330714
912 328629
913 326613
914 324599
915 322685
916 320922
917 319177
918 317256
919 315223
920 313450
921 311716
922 309928
923 308112
924 306297
925 304439
926 302582
927 300822
928 299145
929 297485
930 295783
931 294132
932 292464
933 290885
934 289358
935 287857
936 286259
937 284647
938 283061
939 281383
940 279726
941 278090
942 276491
943 274895
944 273308
945 271760
946 270236
947 268742
948 267247
949 265749
950 264277
951 262841
952 261452
953 260081
954 258504
955 257058
956 255564
957 254002
958 252512
959 251083
960 249618
961 248124
962 246651
963 245249
964 243910
965 242578
966 241232
967 239896
968 238574
969 237245
970 235859
971 234307
972 232796
973 231324
974 229904
975 228508
976 227150
977 225742
978 224363
979 223062
980 221779
981 220512
982 219245
983 217958
984 216690
985 215462
986 214251
987 213067
988 211858
989 210677
990 209221
991 207888
992 206635
993 205341
994 204046
995 202749
996 201486
997 200195
998 198885
999 197653
1000 196482
1001 195330
1002 194188
1003 192998
1004 191814
1005 190435
1006 189153
1007 187970
1008 186808
1009 185636
1010 184486
1011 183307
1012 182073
1013 180827
1014 179586
1015 178406
1016 177262
1017 176158
1018 175181
1019 174250
1020 173155
1021 171969
1022 170560
1023 169300
1024 168104
1025 166947
1026 165782
1027 164608
1028 163403
1029 162160
1030 160915
1031 159727
1032 158589
1033 157604
1034 156429
1035 155251
1036 154172
1037 153079
1038 151852
1039 150697
1040 149556
1041 148435
1042 147384
1043 146332
1044 145224
1045 144072
1046 142991
1047 141992
1048 141023
1049 140125
1050 139354
1051 138430
1052 137547
1053 136530
1054 135400
1055 134429
1056 133298
1057 132280
1058 131111
1059 130051
1060 129001
1061 127982
1062 126950
1063 125968
1064 125114
1065 124223
1066 123287
1067 122262
1068 121209
1069 120350
1070 119134
1071 117930
1072 116830
1073 115745
1074 114698
1075 113715
1076 112737
1077 111782
1078 110853
1079 109955
1080 109107
1081 108405
1082 107925
1083 107040
1084 105764
1085 104856
1086 103686
1087 102726
1088 101405
1089 100183
1090 98886.3
1091 97666.9
1092 96508.6
1093 95528.7
1094 94675.4
1095 93827.3
1096 93356.1
1097 91453.6
1098 89548.6
1099 88124.9
1100 86850.6
1101 85684.3
1102 84737.7
1103 84201.4
1104 82150.7
1105 80562.4
1106 78935.9
1107 77677.6
1108 76619.1
1109 75636
1110 75016.2
1111 72710.9
1112 71494.5
1113 69967.1
1114 68616.2
1115 67646
1116 66359.7
1117 64897.2
1118 63592.4
1119 61667.7
1120 60591.5
1121 59594.1
1122 58515.8
1123 57483.5
1124 56732.1
1125 54563.2
1126 53046.1
1127 51745.9
1128 50558.8
1129 49429.6
1130 48374.2
1131 46932.3
1132 45833
1133 44215.7
1134 42503
1135 41198.8
1136 39761.8
1137 38362.1
1138 37031
1139 35617
1140 33929
1141 32249.4
1142 31051.8
1143 29465.6
1144 27921.9
1145 26194.7
1146 24447.8
1147 22831.4
1148 21067.3
1149 19353.9
1150 17642.8
1151 16227
1152 15016.4
1153 13834.1
1154 12725.4
1155 11710.9
1156 10806.9
1157 9906.35
1158 9008.35
1159 8110.66
1160 7211.27
1161 6319.7
1162 5410.12
1163 4550.83
1164 3718.67
1165 2884.34
1166 2050.88
1167 1302.34
1168 691.005
1169 297.313
1170 80.9674
1171 14.7337
