0 4.85933e-05
1 15515.3
2 23597.9
3 31477.3
4 35486.8
5 39703
6 44903.8
7 47677.2
8 53440.7
9 54943.2
10 57514.3
11 62604.7
12 64388.8
13 67364.8
14 71405.9
15 72615.3
16 75291.6
17 78675.2
18 81001.3
19 82945.6
20 86001.1
21 89161.2
22 91147
23 92731.5
24 95150.8
25 98060.8
26 100662
27 103136
28 105139
29 107010
30 109585
31 112062
32 114305
33 116497
34 118527
35 121368
36 124292
37 125759
38 127735
39 129901
40 132339
41 135084
42 137625
43 139922
44 141979
45 143943
46 146064
47 148462
48 151298
49 154243
50 155934
51 158367
52 160773
53 162841
54 165283
55 167954
56 170824
57 173175
58 175253
59 177849
60 180446
61 182764
62 185334
63 188213
64 190895
65 193352
66 195807
67 198530
68 201451
69 203825
70 206477
71 209562
72 212513
73 215169
74 217894
75 220767
76 223790
77 226402
78 229415
79 232523
80 235937
81 238863
82 241960
83 245572
84 247901
85 250885
86 254219
87 257689
88 261362
89 265577
90 269253
91 271948
92 275146
93 278367
94 281807
95 285765
96 290823
97 294518
98 298601
99 302121
100 305895
101 309883
102 314898
103 318650
104 322892
105 327715
106 332391
107 338081
108 342474
109 347121
110 352147
111 357623
112 364598
113 368434
114 373839
115 380187
116 388828
117 394816
118 401517
119 407647
120 415965
121 424306
122 432636
123 441259
124 453838
125 465881
126 483659
127 509499
128 534005
129 533758
130 535123
131 536573
132 537377
133 539177
134 540305
135 541286
136 542514
137 543894
138 544236
139 544607
140 545600
141 546862
142 547865
143 549228
144 550389
145 551606
146 552981
147 553994
148 554768
149 555396
150 556404
151 557490
152 558551
153 559751
154 560974
155 562130
156 563226
157 564574
158 565784
159 566472
160 567173
161 568159
162 569353
163 570525
164 571688
165 572699
166 573777
167 575068
168 576330
169 577338
170 577900
171 578739
172 579933
173 581321
174 582572
175 583680
176 584756
177 586035
178 587424
179 588557
180 589387
181 590156
182 591264
183 592575
184 593910
185 595116
186 596319
187 597450
188 598822
189 599995
190 601069
191 601908
192 602940
193 604099
194 605374
195 606678
196 607954
197 609272
198 610692
199 611744
200 612753
201 613585
202 614687
203 615996
204 617329
205 618494
206 619627
207 620992
208 622447
209 623677
210 624805
211 625653
212 626686
213 627887
214 629124
215 630464
216 631845
217 633338
218 634582
219 635639
220 636573
221 637585
222 638959
223 640299
224 641532
225 642767
226 644088
227 645321
228 646636
229 647909
230 648936
231 650176
232 651351
233 652368
234 653700
235 655307
236 656752
237 658083
238 659201
239 660099
240 660917
241 662114
242 663566
243 665337
244 666738
245 668019
246 669165
247 669576
248 670886
249 672366
250 673858
251 675506
252 676736
253 677766
254 679030
255 680056
256 681266
257 682426
258 683718
259 685415
260 687277
261 688620
262 689786
263 690296
264 691487
265 693299
266 695249
267 696603
268 697767
269 698841
270 699616
271 700966
272 702775
273 704270
274 705997
275 707760
276 708207
277 709116
278 710554
279 712037
280 714146
281 715733
282 715982
283 717428
284 719095
285 720843
286 722549
287 723254
288 724376
289 726022
290 728169
291 729413
292 729746
293 731725
294 734209
295 734676
296 735044
297 737675
298 740431
299 739466
300 743181
301 742280
302 746182
303 746072
304 723390
305 698979
306 682722
307 671269
308 661226
309 652558
310 645229
311 638461
312 631633
313 625699
314 620244
315 615158
316 609935
317 605246
318 601111
319 597086
320 593078
321 589107
322 585360
323 581926
324 578709
325 575512
326 572313
327 569160
328 566109
329 563465
330 560991
331 558463
332 555720
333 553086
334 550574
335 548147
336 546065
337 544025
338 542002
339 540016
340 538022
341 535854
342 533831
343 531965
344 530263
345 528460
346 526743
347 525126
348 523646
349 522185
350 520702
351 519271
352 517750
353 516267
354 514804
355 513498
356 512175
357 511231
358 510113
359 508972
360 507966
361 506913
362 505709
363 504863
364 503988
365 503140
366 502222
367 501414
368 500589
369 499846
370 499187
371 498707
372 498376
373 497890
374 497425
375 497053
376 496680
377 496231
378 495893
379 495689
380 495582
381 495723
382 495981
383 496227
384 496301
385 496496
386 496863
387 497521
388 498119
389 498537
390 498723
391 499639
392 501071
393 503140
394 505129
395 507094
396 509318
397 511918
398 515212
399 518930
400 522584
401 526070
402 529873
403 534297
404 539276
405 543488
406 546937
407 550394
408 554047
409 557638
410 561096
411 565526
412 570692
413 575106
414 578558
415 582262
416 585706
417 590704
418 594696
419 598002
420 601650
421 609108
422 613667
423 617505
424 620040
425 623940
426 629112
427 587215
428 546875
429 520404
430 500167
431 481186
432 466171
433 450068
434 435805
435 423328
436 411594
437 399293
438 385719
439 373626
440 362274
441 350207
442 338346
443 328680
444 315085
445 301648
446 290323
447 277401
448 265015
449 250072
450 232785
451 218715
452 198967
453 173869
454 146263
455 96706.1
456 97180
457 97713
458 98207.5
459 98698.2
460 99186.9
461 99675.8
462 100164
463 100654
464 101144
465 101641
466 102140
467 102640
468 103141
469 103717
470 104241
471 104760
472 105281
473 105799
474 106318
475 106836
476 107358
477 107887
478 108416
479 108945
480 109507
481 110096
482 110648
483 111196
484 111744
485 112292
486 112839
487 113388
488 113942
489 114501
490 115060
491 115623
492 116257
493 116867
494 117452
495 118035
496 118616
497 119196
498 119778
499 120363
500 120956
501 121549
502 122142
503 122776
504 123443
505 124075
506 124691
507 125307
508 125922
509 126538
510 127159
511 127788
512 128418
513 129048
514 129704
515 130424
516 131103
517 131765
518 132420
519 133073
520 133726
521 134382
522 135048
523 135714
524 136380
525 137079
526 137840
527 138562
528 139271
529 139967
530 140664
531 141361
532 142061
533 142771
534 143480
535 144191
536 144956
537 145762
538 146529
539 147287
540 148028
541 148767
542 149507
543 150255
544 151009
545 151762
546 152530
547 153377
548 154223
549 155040
550 155848
551 156643
552 157433
553 158226
554 159031
555 159835
556 160641
557 161516
558 162429
559 163307
560 164171
561 165030
562 165875
563 166719
564 167575
565 168432
566 169292
567 170221
568 171194
569 172147
570 173077
571 174000
572 174920
573 175823
574 176741
575 177659
576 178579
577 179576
578 180606
579 181631
580 182626
581 183614
582 184599
583 185578
584 186561
585 187548
586 188562
587 189647
588 190765
589 191862
590 192935
591 194001
592 195065
593 196131
594 197193
595 198253
596 199393
597 200562
598 201768
599 202935
600 204089
601 205237
602 206382
603 207543
604 208699
605 209916
606 211178
607 212472
608 213766
609 215024
610 216276
611 217522
612 218779
613 220046
614 221370
615 222731
616 224120
617 225538
618 226911
619 228271
620 229629
621 230993
622 232380
623 233876
624 235371
625 236898
626 238453
627 239956
628 241453
629 242941
630 244443
631 246033
632 247681
633 249332
634 251039
635 252716
636 254368
637 256014
638 257658
639 259378
640 261201
641 263052
642 264927
643 266839
644 268688
645 270528
646 272360
647 274281
648 276316
649 278372
650 280480
651 282620
652 284693
653 286753
654 288816
655 291040
656 293335
657 295668
658 298078
659 300530
660 302891
661 305241
662 307708
663 310295
664 312936
665 315648
666 318476
667 321233
668 323925
669 326775
670 329755
671 332788
672 335924
673 339223
674 342436
675 345633
676 349086
677 352642
678 356265
679 360016
680 363941
681 367773
682 371838
683 376095
684 380419
685 384885
686 389606
687 394231
688 399265
689 404548
690 409944
691 415560
692 421444
693 427366
694 433966
695 440827
696 448001
697 455611
698 463289
699 471957
700 480977
701 490561
702 500891
703 512113
704 524323
705 537448
706 551917
707 568210
708 586551
709 606985
710 630590
711 659495
712 693612
713 737704
714 797096
715 890922
716 1.10753e+06
717 1.07579e+06
718 855562
719 768168
720 700688
721 650037
722 612437
723 573788
724 540842
725 513215
726 483485
727 455093
728 426167
729 396386
730 360224
731 315622
732 309468
733 303711
734 298549
735 293386
736 288785
737 284096
738 279414
739 274789
740 270316
741 266366
742 262480
743 258229
744 254558
745 251096
746 247814
747 244631
748 241308
749 238010
750 234720
751 231396
752 228151
753 224849
754 221797
755 218716
756 215733
757 212758
758 209773
759 206886
760 204096
761 201440
762 198834
763 196228
764 193166
765 190366
766 187624
767 184895
768 182148
769 179362
770 176718
771 174119
772 171519
773 169037
774 166575
775 163986
776 161341
777 158859
778 156446
779 153872
780 151115
781 148164
782 145387
783 142681
784 139930
785 137253
786 134587
787 131892
788 129023
789 126338
790 123728
791 121108
792 118299
793 115209
794 112089
795 109012
796 105993
797 102984
798 99952.4
799 96898.5
800 93863.8
801 90756.4
802 87937.9
803 85206.3
804 82249
805 78090.6
806 74203.2
807 70405.9
808 66638.6
809 62848.6
810 58995
811 55044.7
812 50955.4
813 46700.7
814 42374.7
815 38351.7
816 34730.9
817 31552.9
818 28906.3
819 26676.6
820 24810.2
821 23298.3
822 22116.2
823 21280
824 20786.4
825 20858.6
826 21687.8
827 22856.9
828 23845.3
829 24676.4
830 28072
831 33022.8
832 41322.6
833 50793.1
834 57226.3
835 63066.2
836 68590.3
837 74112.7
838 80335.7
839 85956.6
840 91089.7
841 95944.1
842 100619
843 105424
844 109747
845 113924
846 117323
847 119011
848 121298
849 123931
850 126728
851 129822
852 132853
853 135761
854 138581
855 141401
856 144256
857 147013
858 149914
859 152680
860 155179
861 157276
862 159427
863 161761
864 164206
865 166625
866 168990
867 171278
868 173506
869 175740
870 178015
871 180302
872 182575
873 184695
874 186759
875 188618
876 190574
877 192636
878 194823
879 196979
880 199042
881 201083
882 203148
883 205216
884 207287
885 209461
886 211486
887 213426
888 215193
889 217063
890 219066
891 221160
892 223118
893 224988
894 226923
895 228862
896 230789
897 232776
898 234657
899 236438
900 238163
901 239872
902 241666
903 243575
904 245474
905 247284
906 249070
907 250894
908 252711
909 254641
910 256565
911 258231
912 259842
913 261494
914 263233
915 265055
916 266857
917 268536
918 270264
919 272039
920 273783
921 275661
922 277431
923 279115
924 280669
925 282275
926 283998
927 285788
928 287492
929 289186
930 290849
931 292492
932 294310
933 296050
934 297597
935 299166
936 300775
937 302521
938 304269
939 305966
940 307590
941 309316
942 310949
943 312710
944 314259
945 315769
946 317334
947 319002
948 320777
949 322507
950 324199
951 325835
952 327406
953 329157
954 330697
955 332209
956 333769
957 335458
958 337288
959 338875
960 340478
961 342065
962 343701
963 345336
964 346900
965 348487
966 350224
967 351948
968 353546
969 355175
970 356692
971 358290
972 359905
973 361522
974 363058
975 364764
976 366538
977 368178
978 369656
979 371274
980 373078
981 374580
982 376102
983 377885
984 379533
985 381016
986 382511
987 384396
988 385908
989 387506
990 389217
991 390939
992 392383
993 393920
994 395817
995 397363
996 399042
997 400695
998 402088
999 403438
1000 405565
1001 407121
1002 408963
1003 410509
1004 411556
1005 413582
1006 415171
1007 417061
1008 418431
1009 419871
1010 421891
1011 423686
1012 425467
1013 426875
1014 429010
1015 429874
1016 431744
1017 434454
1018 434313
1019 436462
1020 437923
1021 440876
1022 441104
1023 417221
1024 404621
1025 395376
1026 387893
1027 381631
1028 376097
1029 371120
1030 366611
1031 362383
1032 358574
1033 354883
1034 351291
1035 347971
1036 344794
1037 341712
1038 338804
1039 336036
1040 333343
1041 330722
1042 328250
1043 325851
1044 323532
1045 321234
1046 319074
1047 316968
1048 314908
1049 312883
1050 310945
1051 309046
1052 307145
1053 305240
1054 303372
1055 301548
1056 299742
1057 297912
1058 296105
1059 294400
1060 292733
1061 291102
1062 289494
1063 287926
1064 286404
1065 284902
1066 283430
1067 281967
1068 280501
1069 279033
1070 277586
1071 276159
1072 274755
1073 273383
1074 272038
1075 270691
1076 269352
1077 268011
1078 266693
1079 265384
1080 264028
1081 262701
1082 261379
1083 260085
1084 258820
1085 257577
1086 256355
1087 255139
1088 253959
1089 252783
1090 251585
1091 250337
1092 249084
1093 247841
1094 246637
1095 245452
1096 244270
1097 243114
1098 241986
1099 240897
1100 239818
1101 238668
1102 237532
1103 236385
1104 235233
1105 234078
1106 232928
1107 231797
1108 230701
1109 229635
1110 228584
1111 227505
1112 226401
1113 225315
1114 224242
1115 223168
1116 222101
1117 221040
1118 219983
1119 218934
1120 217894
1121 216830
1122 215757
1123 214686
1124 213623
1125 212569
1126 211517
1127 210458
1128 209413
1129 208406
1130 207410
1131 206325
1132 205243
1133 204168
1134 203114
1135 202084
1136 201061
1137 200040
1138 199029
1139 198030
1140 196980
1141 195947
1142 194924
1143 193890
1144 192857
1145 191815
1146 190770
1147 189724
1148 188690
1149 187592
1150 186497
1151 185426
1152 184379
1153 183355
1154 182341
1155 181349
1156 180374
1157 179349
1158 178257
1159 177208
1160 176191
1161 175178
1162 174153
1163 173133
1164 172099
1165 171061
1166 169912
1167 168772
1168 167643
1169 166549
1170 165503
1171 164487
1172 163481
1173 162433
1174 161278
1175 160149
1176 159039
1177 157957
1178 156900
1179 155851
1180 154820
1181 153711
1182 152564
1183 151412
1184 150265
1185 149162
1186 148071
1187 146982
1188 145863
1189 144654
1190 143473
1191 142324
1192 141197
1193 140082
1194 138981
1195 137784
1196 136514
1197 135260
1198 134054
1199 132885
1200 131734
1201 130610
1202 129324
1203 128043
1204 126781
1205 125548
1206 124319
1207 123094
1208 121747
1209 120408
1210 119076
1211 117761
1212 116480
1213 115259
1214 113819
1215 112428
1216 111135
1217 109910
1218 108648
1219 107241
1220 105690
1221 104077
1222 102492
1223 101035
1224 99598.4
1225 98083.1
1226 96618.2
1227 95181
1228 93738.1
1229 92078.6
1230 90311.7
1231 88600
1232 86899.9
1233 85218.2
1234 83343.5
1235 81532.9
1236 79758.9
1237 78083.2
1238 76085.2
1239 74224.6
1240 72496.6
1241 70575.5
1242 68294.8
1243 66028.3
1244 63923.2
1245 61297.9
1246 58830.1
1247 56691.1
1248 54224.4
1249 51810
1250 48992.7
1251 45318.2
1252 42393.8
1253 38677.5
1254 35572.5
1255 30990.2
1256 25955.1
1257 20476.3
